58,1550177911.61111,0.999924,-0.00148311,-0.0122582,-0.0462119,0.00158949,0.999961,0.00867296,0.0107251,0.0122449,-0.00869179,0.999887,-0.0287288,0,0,0,1,
0,1550177644.51022,0.0192824,-0.110652,0.450953,-0.506151,-0.601589,0.39789,-0.472849,
60,1550177917.07636,0.999831,-0.00137092,-0.0183056,-0.0648407,0.00157046,0.999939,0.0108908,0.01488,0.0182895,-0.0109177,0.999773,-0.039138,0,0,0,1,
1,1550177650.14458,0.0159449,-0.0914097,0.440584,-0.506186,-0.601583,0.397861,-0.472843,
65,1550177922.1517,0.999728,-0.000640291,-0.0233123,-0.0850117,0.000930788,0.999922,0.0124524,0.0199737,0.0233026,-0.0124707,0.999651,-0.0490145,0,0,0,1,
2,1550177653.52866,0.0135223,-0.0772755,0.432214,-0.506198,-0.601718,0.397791,-0.472717,
66,1550177923.37767,0.99906,0.00251285,-0.0432723,-0.0614,-0.00152635,0.999739,0.0228154,0.0141072,0.0433183,-0.0227279,0.998803,-0.0334035,0,0,0,1,
3,1550177653.9886,0.0135034,-0.0772669,0.432216,-0.506221,-0.601687,0.397807,-0.472717,
67,1550177923.54493,0.998495,0.00372471,-0.0547179,-0.0438434,-0.00213829,0.999576,0.0290226,0.011054,0.0548028,-0.0288619,0.99808,-0.0210847,0,0,0,1,
3,1550177653.9886,0.0135034,-0.0772669,0.432216,-0.506221,-0.601687,0.397807,-0.472717,
68,1550177923.71198,0.997468,0.00475236,-0.0709626,-0.0246482,-0.00205066,0.999272,0.0380965,0.0058842,0.0710919,-0.0378545,0.996751,-0.00539155,0,0,0,1,
3,1550177653.9886,0.0135034,-0.0772669,0.432216,-0.506221,-0.601687,0.397807,-0.472717,
70,1550177924.01017,0.995788,0.0082958,-0.0913111,-0.00324404,-0.00382932,0.998792,0.0489818,0.00095224,0.0916072,-0.0484258,0.994617,0.0161403,0,0,0,1,
3,1550177653.9886,0.0135034,-0.0772669,0.432216,-0.506221,-0.601687,0.397807,-0.472717,
74,1550177925.71013,0.994565,-0.00608804,-0.103942,0.00687875,0.0152377,0.996051,0.0874617,-0.000602143,0.102999,-0.0885702,0.99073,0.0335491,0,0,0,1,
7,1550177656.5463,0.025539,-0.208717,0.46124,-0.537352,-0.607042,0.387947,-0.438465,
78,1550177927.44151,0.992438,-0.0374802,-0.116885,0.0112435,0.0555084,0.98635,0.155024,0.0144293,0.109479,-0.16034,0.980972,0.0471382,0,0,0,1,
8,1550177658.81259,0.00470388,-0.210174,0.461338,-0.566743,-0.579485,0.409519,-0.418682,
85,1550177930.41022,0.993794,-0.0670382,-0.0887674,0.0215915,0.0836148,0.976498,0.198645,0.0267661,0.0733644,-0.204835,0.976043,0.0688883,0,0,0,1,
9,1550177661.24268,-0.00592434,-0.210268,0.461281,-0.581226,-0.565093,0.419794,-0.408189,
88,1550177930.84419,0.997404,-0.0718595,-0.00461333,0.0443603,0.07164,0.983812,0.164263,0.0244021,-0.0072652,-0.164167,0.986406,0.0789571,0,0,0,1,
10,1550177662.1166,0.00401574,-0.215207,0.493533,-0.548904,-0.559242,0.435155,-0.443386,
94,1550177933.87132,0.999681,-0.0241991,0.00717233,0.0466533,0.0237782,0.998264,0.0538773,0.0097686,-0.00846366,-0.0536896,0.998522,0.0548135,0,0,0,1,
11,1550177665.18801,0.0253711,-0.213803,0.493566,-0.520383,-0.585882,0.412502,-0.464528,
98,1550177935.57907,0.999852,0.00117299,0.0171636,0.0411025,-0.00111207,0.999993,-0.003558,-0.0075586,-0.0171677,0.00353839,0.999846,0.0390536,0,0,0,1,
12,1550177666.862,0.0360541,-0.212236,0.493578,-0.505531,-0.598723,0.400763,-0.474719,
102,1550177937.41249,0.999315,0.0275421,0.0247189,0.0345278,-0.0261121,0.998066,-0.0564191,-0.0194932,-0.026225,0.055735,0.998101,0.0231213,0,0,0,1,
13,1550177668.71829,0.0466137,-0.210186,0.493603,-0.490443,-0.61112,0.388782,-0.48461,
106,1550177939.88343,0.99765,0.0597017,0.0336074,0.0268557,-0.0550434,0.990545,-0.125661,-0.0322647,-0.0407918,0.123516,0.991504,0.00633763,0,0,0,1,
14,1550177670.8063,0.0571835,-0.207407,0.493667,-0.474779,-0.623251,0.376547,-0.494323,
111,1550177941.64683,0.993935,0.0991913,0.0474758,0.0108182,-0.0877958,0.97574,-0.200556,-0.0534519,-0.0662174,0.195171,0.978531,-0.0130475,0,0,0,1,
15,1550177672.94795,0.0774878,-0.200824,0.49363,0.443236,0.646086,-0.351442,0.512448,
115,1550177943.34402,0.989481,0.131805,0.0596189,-0.00587009,-0.112928,0.961351,-0.251099,-0.0704795,-0.0904107,0.241725,0.966124,-0.0277246,0,0,0,1,
16,1550177674.68396,0.0874697,-0.196694,0.493614,0.426924,0.657047,-0.338448,0.521035,
118,1550177944.97559,0.984741,0.160059,0.0683094,-0.0192237,-0.133647,0.946961,-0.292239,-0.0853448,-0.111462,0.27865,0.953903,-0.0378022,0,0,0,1,
17,1550177676.2862,0.0971906,-0.192076,0.49361,0.410353,0.667551,-0.325323,0.529293,
120,1550177946.61167,0.979331,0.188707,0.0728103,-0.0312412,-0.154653,0.930603,-0.331754,-0.101157,-0.130362,0.313636,0.940552,-0.0483638,0,0,0,1,
18,1550177677.9899,0.106646,-0.187009,0.493613,0.393567,0.677536,-0.312,0.537314,
124,1550177949.71192,0.96664,0.244344,0.0768357,-0.0533754,-0.19167,0.889019,-0.415822,-0.122752,-0.169912,0.387223,0.906195,-0.0701558,0,0,0,1,
19,1550177681.18618,0.124824,-0.175403,0.493644,0.359159,0.696357,-0.284682,0.552311,
127,1550177952.40714,0.955022,0.286356,0.0770296,-0.0706235,-0.215532,0.848723,-0.482923,-0.133054,-0.203665,0.4446,0.872268,-0.0851581,0,0,0,1,
20,1550177683.81375,0.141723,-0.161972,0.493597,0.323776,0.713572,-0.256762,0.565736,
130,1550177954.40963,0.94214,0.327597,0.0710868,-0.0861558,-0.240195,0.80764,-0.538538,-0.14312,-0.233836,0.490304,0.839597,-0.104861,0,0,0,1,
21,1550177685.71576,0.149628,-0.154723,0.493626,0.305901,0.721396,-0.242518,0.572012,
133,1550177957.07274,0.929256,0.363706,0.0648234,-0.10072,-0.256411,0.761272,-0.595582,-0.149358,-0.265965,0.536826,0.800675,-0.117069,0,0,0,1,
22,1550177687.97263,0.157172,-0.147049,0.493612,0.28781,0.728829,-0.228109,0.577876,
136,1550177958.87638,0.914056,0.402843,0.047104,-0.112182,-0.276718,0.704316,-0.653733,-0.150302,-0.296528,0.584514,0.755258,-0.134152,0,0,0,1,
23,1550177690.28846,0.171071,-0.130626,0.493631,0.250991,0.742236,-0.198979,0.58864,
141,1550178029.87676,0.960779,0.264521,-0.0832617,-0.101621,-0.277166,0.906115,-0.319585,-0.101227,-0.00909234,0.330128,0.943892,-0.0629731,0,0,0,1,
24,1550177761.3044,0.111307,-0.172853,0.440599,-0.396126,-0.726388,0.26899,-0.493041,
143,1550178032.90581,0.972545,0.214858,-0.0894001,-0.0880527,-0.230638,0.941119,-0.247186,-0.0882789,0.0310263,0.261018,0.964835,-0.0505607,0,0,0,1,
25,1550177763.71043,0.102483,-0.178259,0.440609,-0.414282,-0.716229,0.281258,-0.486086,
146,1550178034.91486,0.978173,0.181897,-0.100452,-0.0769512,-0.198945,0.959374,-0.200056,-0.0700395,0.0599813,0.215673,0.974622,-0.0418479,0,0,0,1,
26,1550177766.35047,0.0842414,-0.187582,0.440604,-0.449477,-0.694692,0.305117,-0.471462,
149,1550178037.51248,0.983107,0.146279,-0.110018,-0.0659313,-0.160724,0.977513,-0.136514,-0.0550546,0.0875752,0.15189,0.98451,-0.0326858,0,0,0,1,
27,1550177768.38661,0.0747252,-0.19157,0.440599,-0.46682,-0.683185,0.316802,-0.463652,
152,1550178039.5763,0.986716,0.105594,-0.12346,-0.0530195,-0.115463,0.990422,-0.0757067,-0.0328168,0.114283,0.0889561,0.989457,-0.0175309,0,0,0,1,
28,1550177771.09668,0.0552245,-0.198066,0.440569,-0.500415,-0.659005,0.339545,-0.44722,
155,1550178042.20451,0.987274,0.0688554,-0.143347,-0.0378654,-0.0707881,0.997456,-0.00842064,-0.0127958,0.142402,0.0184607,0.989637,-0.00758749,0,0,0,1,
29,1550177773.05638,0.0452635,-0.200577,0.440569,-0.516669,-0.64634,0.350645,-0.438571,
158,1550178044.20997,0.960076,0.113413,-0.255717,-0.0659841,-0.119555,0.992791,-0.00855278,-0.0100021,0.252903,0.0387836,0.966714,-0.0270762,0,0,0,1,
30,1550177775.69597,0.042228,-0.190165,0.40603,-0.53459,-0.66637,0.325249,-0.405435,
160,1550178046.57306,0.959316,0.14116,-0.244512,-0.0839374,-0.156975,0.986514,-0.0463506,-0.0254392,0.234671,0.0828472,0.968538,-0.0352087,0,0,0,1,
31,1550177777.86592,0.0516999,-0.187781,0.405993,-0.517742,-0.67964,0.314934,-0.41334,
164,1550178049.60769,0.957349,0.188915,-0.218617,-0.105701,-0.218986,0.968011,-0.122471,-0.0486148,0.188488,0.165121,0.968095,-0.048795,0,0,0,1,
32,1550177780.93243,0.0701703,-0.181694,0.406002,-0.48327,-0.704519,0.293865,-0.428657,
167,1550178052.01085,0.952925,0.223516,-0.204874,-0.119633,-0.260869,0.948771,-0.178269,-0.0629956,0.154533,0.223323,0.962417,-0.0575924,0,0,0,1,
33,1550177782.89632,0.0792405,-0.177865,0.405994,-0.465318,-0.716495,0.283005,-0.435915,
170,1550178054.27859,0.945686,0.261867,-0.192623,-0.135134,-0.303566,0.923354,-0.235083,-0.0810135,0.116299,0.280789,0.952697,-0.0718227,0,0,0,1,
34,1550177785.6485,0.0965779,-0.169084,0.405976,-0.429059,-0.738858,0.260762,-0.449444,
174,1550178057.33956,0.932952,0.310185,-0.182717,-0.152712,-0.353967,0.882915,-0.308494,-0.0992478,0.065633,0.352486,0.933513,-0.0875995,0,0,0,1,
35,1550177788.76649,0.113003,-0.158624,0.405968,-0.391525,-0.759393,0.23799,-0.461943,
178,1550178060.47932,0.917383,0.358098,-0.173706,-0.173011,-0.397942,0.833057,-0.384263,-0.111265,0.00710358,0.421641,0.906735,-0.103488,0,0,0,1,
36,1550177791.91244,0.128254,-0.146527,0.405954,-0.353046,-0.778015,0.214632,-0.47327,
182,1550178063.44041,0.897479,0.406449,-0.171263,-0.190942,-0.437845,0.774255,-0.456969,-0.120641,-0.0531331,0.485107,0.872839,-0.116325,0,0,0,1,
37,1550177794.88262,0.142235,-0.132944,0.405961,-0.31375,-0.794651,0.190685,-0.483456,
187,1550178067.68003,0.872945,0.453667,-0.179314,-0.205263,-0.473494,0.699562,-0.535179,-0.122949,-0.117352,0.552086,0.825488,-0.131595,0,0,0,1,
38,1550177798.63223,0.15481,-0.118071,0.405936,-0.273621,-0.809378,0.166269,-0.492334,
190,1550178069.88046,0.849477,0.49338,-0.186991,-0.220044,-0.496648,0.628057,-0.59907,-0.122628,-0.178128,0.601765,0.778556,-0.146823,0,0,0,1,
39,1550177801.27244,0.165827,-0.102037,0.40596,0.232834,0.822039,-0.141431,0.500038,
194,1550178072.87953,0.822349,0.533609,-0.197496,-0.236,-0.513397,0.546241,-0.661849,-0.12136,-0.245288,0.645665,0.723153,-0.160376,0,0,0,1,
40,1550177804.17245,0.175186,-0.0849802,0.405969,0.191421,0.832615,-0.116313,0.50654,
201,1550178077.10966,0.78988,0.572641,-0.21948,-0.250025,-0.522091,0.440156,-0.730537,-0.115332,-0.32173,0.691625,0.646641,-0.17342,0,0,0,1,
41,1550177808.00646,0.18279,-0.0669634,0.405972,0.149409,0.841211,-0.0907953,0.511662,
205,1550178080.30588,0.753094,0.61082,-0.244435,-0.264627,-0.523443,0.331206,-0.785054,-0.108894,-0.398568,0.719167,0.569158,-0.186273,0,0,0,1,
42,1550177811.14236,0.188557,-0.0484537,0.405971,0.107272,0.847601,-0.0651831,0.515574,
211,1550178083.98927,0.710409,0.646545,-0.278025,-0.276885,-0.521337,0.218062,-0.825019,-0.100813,-0.472786,0.731046,0.491981,-0.20003,0,0,0,1,
43,1550177815.60225,0.193688,-0.0197616,0.405966,0.0434693,0.853263,-0.0264172,0.518994,
217,1550178088.18628,0.663986,0.677242,-0.316965,-0.29347,-0.497531,0.0837009,-0.863399,-0.0881305,-0.558199,0.730984,0.392525,-0.212628,0,0,0,1,
44,1550177819.61863,0.19442,0.00945494,0.405952,-0.0206095,0.854122,0.0125659,0.519513,
224,1550178092.65194,0.621259,0.701488,-0.349215,-0.308034,-0.469837,-0.0231987,-0.882448,-0.0764093,-0.627128,0.712303,0.315173,-0.22305,0,0,0,1,
45,1550177823.69811,0.192518,0.0287902,0.405943,-0.0631873,0.852058,0.038509,0.51819,
230,1550178096.38591,0.566969,0.719265,-0.401503,-0.323005,-0.420278,-0.166618,-0.891967,-0.0591097,-0.708458,0.67446,0.207824,-0.232638,0,0,0,1,
46,1550177827.74786,0.186088,0.0571722,0.405942,-0.126784,0.844925,0.0771061,0.513889,
233,1550178106.14672,0.741647,0.639576,-0.202242,-0.255599,-0.338589,0.096664,-0.935956,-0.116681,-0.579066,0.762626,0.288244,-0.242495,0,0,0,1,
47,1550177836.98577,0.211393,0.0109152,0.468472,-0.0207377,0.80447,0.0152074,0.593436,
238,1550178109.62561,0.780446,0.605446,-0.156008,-0.238364,-0.356362,0.225741,-0.906668,-0.130086,-0.513721,0.763201,0.391937,-0.228975,0,0,0,1,
48,1550177841.03021,0.210642,-0.0207572,0.468478,0.0395443,0.803772,-0.0292325,0.592901,
242,1550178113.02448,0.81061,0.572612,-0.122588,-0.223267,-0.363496,0.327898,-0.871983,-0.140005,-0.459111,0.751398,0.473939,-0.214609,0,0,0,1,
49,1550177844.35246,0.20752,-0.0416755,0.468482,0.0796525,0.800793,-0.0588182,0.5907,
246,1550178116.39357,0.836643,0.539542,-0.094459,-0.207118,-0.366076,0.422497,-0.829147,-0.146074,-0.407451,0.728279,0.550992,-0.201146,0,0,0,1,
50,1550177847.76461,0.202308,-0.0621894,0.468488,0.119585,0.795818,-0.0882616,0.587012,
250,1550178119.5215,0.862188,0.502179,-0.0666949,-0.19198,-0.359612,0.513986,-0.778779,-0.149632,-0.356806,0.695438,0.623743,-0.185229,0,0,0,1,
51,1550177850.89266,0.19511,-0.0821196,0.468466,0.159282,0.788832,-0.117524,0.58186,
254,1550178122.55636,0.888071,0.457503,-0.0449524,-0.175451,-0.346039,0.600908,-0.720532,-0.14978,-0.302634,0.655439,0.691963,-0.168252,0,0,0,1,
52,1550177854.00013,0.18592,-0.101207,0.468436,0.198563,0.779906,-0.146413,0.575224,
259,1550178125.55552,0.91164,0.410326,-0.0233412,-0.161419,-0.324254,0.683192,-0.6543,-0.149131,-0.252529,0.604055,0.755875,-0.150488,0,0,0,1,
53,1550177856.93988,0.174892,-0.119218,0.468473,0.237163,0.769029,-0.175016,0.567202,
263,1550178128.91464,0.931861,0.362467,-0.0158719,-0.141939,-0.304034,0.756269,-0.579328,-0.146013,-0.197984,0.544679,0.81494,-0.133833,0,0,0,1,
54,1550177860.35606,0.162107,-0.136116,0.468472,0.275376,0.756171,-0.203157,0.557764,
266,1550178131.61981,0.947913,0.318522,-0.00189105,-0.130206,-0.275407,0.816592,-0.507276,-0.137489,-0.160034,0.481374,0.861782,-0.117869,0,0,0,1,
55,1550177863.06043,0.147731,-0.151622,0.468497,0.312822,0.741445,-0.230727,0.546961,
269,1550178134.61601,0.959173,0.282785,-0.0045444,-0.111298,-0.256267,0.862207,-0.43695,-0.130828,-0.119645,0.420275,0.899474,-0.102877,0,0,0,1,
56,1550177865.48439,0.139948,-0.158828,0.468466,0.331272,0.733416,-0.244371,0.540965,
272,1550178136.7481,0.969806,0.243792,-0.00652854,-0.0964272,-0.227905,0.89643,-0.380096,-0.116182,-0.0868117,0.370107,0.924924,-0.0855363,0,0,0,1,
57,1550177868.12836,0.123411,-0.17199,0.468462,0.367507,0.715972,-0.27108,0.528051,
275,1550178138.55134,0.971588,0.234617,-0.0311752,-0.0441076,-0.231901,0.91735,-0.323561,-0.13602,-0.0473142,0.321597,0.945694,-0.0744695,0,0,0,1,
58,1550177870.1222,0.114634,-0.177962,0.468466,0.385308,0.706525,-0.284228,0.521128,
276,1550178142.58445,0.984079,0.177276,-0.0127222,-0.0464148,-0.175709,0.959616,-0.219689,-0.104268,-0.0267371,0.218427,0.975487,-0.0373957,0,0,0,1,
59,1550177873.47669,0.096282,-0.188581,0.468443,0.420151,0.686414,-0.309956,0.506197,
278,1550178144.68311,0.990217,0.13701,-0.0264389,-0.0285499,-0.139479,0.97734,-0.159222,-0.0788612,0.00402486,0.161352,0.986889,-0.0209225,0,0,0,1,
60,1550177876.06257,0.076972,-0.197246,0.468425,-0.454072,-0.664576,0.334733,-0.490012,
279,1550178147.28256,0.994806,0.0934993,-0.0402239,-0.0135459,-0.0967086,0.991498,-0.0870618,-0.0594577,0.0317417,0.0904996,0.995391,-0.0086329,0,0,0,1,
61,1550177877.99638,0.0670185,-0.200849,0.468434,-0.470549,-0.652955,0.34689,-0.481561,
282,1550178149.51945,0.997505,0.0551322,-0.0441027,-0.00835905,-0.0565712,0.997883,-0.032074,-0.0342353,0.042241,0.0344889,0.998512,0.0105259,0,0,0,1,
62,1550177880.89599,0.0466213,-0.206516,0.468455,-0.502547,-0.628579,0.370634,-0.463643,
284,1550178151.21692,0.997881,0.0284077,-0.0585432,0.0022489,-0.0278971,0.999565,0.00952032,-0.0167821,0.0587882,-0.00786695,0.998239,0.0190828,0,0,0,1,
63,1550177882.59806,0.036244,-0.208613,0.468443,-0.518102,-0.615842,0.382071,-0.454236,
286,1550178152.68088,0.999247,0.028594,0.0262267,0.0310428,-0.027441,0.998684,-0.0433173,-0.0309928,-0.0274308,0.042565,0.998717,0.0153815,0,0,0,1,
64,1550177884.17016,0.0466871,-0.210174,0.493521,-0.490388,-0.611338,0.388676,-0.484477,
288,1550178155.21855,0.996527,0.0738491,0.0384722,0.0185682,-0.0687968,0.990477,-0.119255,-0.0532865,-0.0469128,0.116194,0.992118,-0.00127156,0,0,0,1,
65,1550177886.06787,0.0571591,-0.207588,0.493546,-0.474902,-0.623421,0.376418,-0.494089,
290,1550178157.75446,0.992513,0.113033,0.0462774,0.00680445,-0.103084,0.978436,-0.178989,-0.0766127,-0.0655111,0.172878,0.982762,-0.0186615,0,0,0,1,
66,1550177889.1764,0.0775756,-0.200852,0.493542,0.443225,0.646356,-0.351243,0.512254,
291,1550178158.62105,0.988569,0.141547,0.0519214,-0.00297579,-0.126702,0.966605,-0.222757,-0.0915101,-0.081718,0.213632,0.97349,-0.0296133,0,0,0,1,
67,1550177890.06261,0.0875349,-0.196686,0.493553,0.426872,0.65725,-0.338302,0.520917,
294,1550178161.45188,0.981473,0.180843,0.0632908,-0.0216571,-0.155091,0.943828,-0.291779,-0.110331,-0.112502,0.276557,0.95439,-0.0465648,0,0,0,1,
68,1550177892.25265,0.0972915,-0.192064,0.493552,0.410205,0.667662,-0.325242,0.529318,
296,1550178163.21733,0.973108,0.219813,0.06887,-0.0391445,-0.181113,0.914853,-0.36089,-0.12242,-0.142334,0.338711,0.930062,-0.0623786,0,0,0,1,
69,1550177894.58847,0.115981,-0.18138,0.493593,0.376324,0.687356,-0.298314,0.544913,
298,1550178166.04883,0.963289,0.258934,0.0709066,-0.0557364,-0.205174,0.880382,-0.427587,-0.13391,-0.173142,0.397341,0.901189,-0.078245,0,0,0,1,
70,1550177896.93643,0.124919,-0.175325,0.493573,0.358949,0.69658,-0.284599,0.552209,
300,1550178168.35387,0.951903,0.298767,0.0679678,-0.0721806,-0.229258,0.841667,-0.488915,-0.146546,-0.203278,0.449817,0.869679,-0.098365,0,0,0,1,
71,1550177899.79643,0.141789,-0.162019,0.493552,0.323789,0.713675,-0.256593,0.565675,
302,1550178170.65229,0.940558,0.333622,0.0636165,-0.0865957,-0.247416,0.801371,-0.5446,-0.155318,-0.232671,0.496488,0.836279,-0.111425,0,0,0,1,
72,1550177901.58854,0.149696,-0.15475,0.493592,0.305858,0.72146,-0.242441,0.571987,
305,1550178173.68799,0.92515,0.375903,0.0528641,-0.103976,-0.267627,0.744657,-0.611442,-0.162712,-0.269208,0.551527,0.789522,-0.130371,0,0,0,1,
73,1550177904.71224,0.164402,-0.139004,0.493593,0.269343,0.73589,-0.213563,0.583363,
307,1550178176.9161,0.898468,0.438077,0.0290633,-0.128869,-0.293804,0.649123,-0.701654,-0.16678,-0.326244,0.621875,0.711924,-0.156733,0,0,0,1,
74,1550177908.3567,0.183336,-0.11284,0.493604,0.213456,0.753965,-0.169179,0.597789,
310,1550178178.88132,0.883607,0.467662,0.0230162,-0.149196,-0.297776,0.599196,-0.743165,-0.172081,-0.361341,0.649812,0.668713,-0.171395,0,0,0,1,
75,1550177910.23198,0.188742,-0.103514,0.493605,0.194435,0.75911,-0.154243,0.601795,
313,1550178181.58451,0.864726,0.502206,0.00616213,-0.168462,-0.300887,0.527829,-0.794269,-0.17013,-0.40214,0.684971,0.607535,-0.18323,0,0,0,1,
76,1550177912.4383,0.193684,-0.0940005,0.493589,0.175494,0.763753,-0.13914,0.605411,
316,1550178183.62339,0.84756,0.530681,-0.00440412,-0.190146,-0.30074,0.473447,-0.827891,-0.17251,-0.437261,0.703012,0.560872,-0.198795,0,0,0,1,
77,1550177915.10446,0.202104,-0.0741522,0.493599,0.137024,0.77155,-0.108682,0.611656,
319,1550178186.25559,0.823929,0.565858,-0.0307569,-0.209316,-0.302528,0.393311,-0.868207,-0.169107,-0.479185,0.724645,0.495248,-0.215213,0,0,0,1,
78,1550177917.10799,0.20554,-0.0639944,0.493559,0.117816,0.774793,-0.0933684,0.614083,
323,1550178189.85635,0.792776,0.604277,-0.0797212,-0.227687,-0.305022,0.280086,-0.910227,-0.15874,-0.527701,0.745923,0.406364,-0.237977,0,0,0,1,
79,1550177921.23645,0.212786,-0.0325549,0.493579,0.0593329,0.781367,-0.0472348,0.619446,
327,1550178193.02905,0.761133,0.63683,-0.12298,-0.246077,-0.300381,0.178055,-0.937053,-0.147955,-0.574846,0.750162,0.326815,-0.254694,0,0,0,1,
80,1550177924.40621,0.214989,-0.011143,0.493599,0.0202564,0.783362,-0.0161326,0.621027,
331,1550178195.89182,0.728575,0.662807,-0.172819,-0.265403,-0.339994,0.130913,-0.931271,-0.149627,-0.594629,0.737258,0.32073,-0.261617,0,0,0,1,
81,1550177927.37253,0.239629,-0.000336489,0.482242,0.000535794,0.798902,-0.000571827,0.601461,
335,1550178200.18239,0.681179,0.68871,-0.248343,-0.287767,-0.454586,0.131981,-0.88087,-0.169429,-0.573887,0.712923,0.402981,-0.256136,0,0,0,1,
82,1550177931.07257,0.286571,-0.00036532,0.456064,0.000469545,0.8278,-0.000447634,0.561024,
338,1550178203.2229,0.642122,0.707753,-0.294559,-0.305455,-0.530001,0.132244,-0.837622,-0.182674,-0.553876,0.693972,0.460027,-0.252036,0,0,0,1,
83,1550177934.17257,0.330689,-0.000434605,0.425198,0.000490613,0.854788,-0.000405585,0.518977,
341,1550178205.32004,0.598043,0.730184,-0.330417,-0.323708,-0.598592,0.132794,-0.78997,-0.197439,-0.532946,0.670222,0.516499,-0.247973,0,0,0,1,
84,1550177936.7699,0.371502,-0.000498699,0.390064,-0.000590398,-0.879606,0.000319326,-0.475702,
345,1550178208.78542,0.540605,0.752616,-0.375921,-0.34327,-0.67969,0.127419,-0.722348,-0.212774,-0.495751,0.646014,0.580428,-0.244836,0,0,0,1,
85,1550177940.11228,0.408637,-0.000368523,0.351082,-0.000311517,-0.902199,0.000184533,-0.43132,
349,1550178211.66157,0.486063,0.768893,-0.415387,-0.362594,-0.745659,0.116991,-0.655977,-0.223544,-0.45578,0.628583,0.630197,-0.239602,0,0,0,1,
86,1550177943.14447,0.441534,-0.000286627,0.308624,-0.000234872,-0.922622,1.11112e-05,-0.385706,
353,1550178215.09077,0.447272,0.779392,-0.438743,-0.381007,-0.721001,0.0239225,-0.692521,-0.208219,-0.52925,0.626079,0.572642,-0.255842,0,0,0,1,
87,1550177946.54259,0.439426,0.0436997,0.308608,0.0458361,-0.921456,-0.0191624,-0.385292,
357,1550178218.22919,0.405829,0.78642,-0.465667,-0.398668,-0.688374,-0.0721463,-0.721759,-0.19061,-0.601202,0.613464,0.512072,-0.270446,0,0,0,1,
88,1550177949.67249,0.432884,0.0873025,0.308547,0.0917326,-0.918056,-0.0383691,-0.383778,
361,1550178220.98758,0.363882,0.790582,-0.492514,-0.415973,-0.64819,-0.164798,-0.743433,-0.172359,-0.66891,0.589764,0.45248,-0.282886,0,0,0,1,
89,1550177952.37587,0.422024,0.130058,0.308584,0.137469,-0.912333,-0.0574924,-0.381372,
364,1550178223.98255,0.326479,0.789056,-0.520387,-0.43016,-0.607436,-0.246662,-0.755102,-0.156057,-0.724177,0.562627,0.398771,-0.291887,0,0,0,1,
90,1550177955.44441,0.406912,0.171569,0.308577,0.18294,-0.904318,-0.0765156,-0.378004,
369,1550178227.41839,0.370029,0.789753,-0.489253,-0.425835,-0.546833,-0.240585,-0.80193,-0.162296,-0.751034,0.564277,0.34284,-0.312468,0,0,0,1,
91,1550177957.90423,0.397863,0.191635,0.308584,0.205458,-0.899438,-0.0858991,-0.376057,
370,1550178227.74605,0.439652,0.763395,-0.473216,-0.408111,-0.524867,-0.209175,-0.825082,-0.181958,-0.728848,0.611125,0.308717,-0.317181,0,0,0,1,
92,1550177959.13642,0.442496,0.162525,0.353993,0.156051,-0.877465,-0.0794991,-0.446523,
372,1550178229.49866,0.476112,0.753464,-0.453442,-0.394418,-0.540183,-0.1563,-0.826906,-0.196765,-0.693917,0.638641,0.332592,-0.310566,0,0,0,1,
93,1550177960.83977,0.450332,0.139798,0.353903,0.133677,-0.881217,-0.0680083,-0.448288,
375,1550178232.31267,0.505537,0.750472,-0.425704,-0.380303,-0.56943,-0.0804782,-0.818091,-0.211582,-0.648214,0.655984,0.386657,-0.300345,0,0,0,1,
94,1550177963.77216,0.461925,0.0944039,0.353919,0.0896597,-0.88679,-0.0457353,-0.451079,
378,1550178234.28558,0.537447,0.740079,-0.404269,-0.365609,-0.592072,-0.010217,-0.805821,-0.22599,-0.600501,0.672442,0.432689,-0.287038,0,0,0,1,
95,1550177965.67437,0.466041,0.0713546,0.353976,0.0677391,-0.888684,-0.0344859,-0.452176,
379,1550178261.55155,0.564626,0.668195,-0.484471,-0.369977,-0.464789,-0.227642,-0.855658,-0.202885,-0.682032,0.708304,0.182037,-0.328556,0,0,0,1,
96,1550177992.94444,0.464207,0.136398,0.391311,0.12979,-0.854466,-0.114007,-0.489943,
383,1550178264.48612,0.537968,0.65352,-0.532449,-0.383636,-0.429972,-0.330559,-0.840152,-0.179407,-0.725062,0.680913,0.103165,-0.342014,0,0,0,1,
97,1550177995.97644,0.448927,0.173408,0.394483,0.166629,-0.84584,-0.146411,-0.485133,
386,1550178267.2165,0.519606,0.641239,-0.564644,-0.394637,-0.399397,-0.401919,-0.82398,-0.162519,-0.755309,0.653662,0.0472695,-0.34935,0,0,0,1,
98,1550177998.12041,0.439975,0.191387,0.396238,0.185017,-0.840802,-0.162545,-0.482079,
390,1550178271.74978,0.533647,0.657699,-0.531651,-0.383502,-0.430503,-0.329841,-0.840162,-0.178219,-0.727934,0.677227,0.107123,-0.343293,0,0,0,1,
99,1550178002.79431,0.448363,0.174861,0.394534,0.168093,-0.845474,-0.147676,-0.484881,
391,1550178273.85061,0.560024,0.670956,-0.485995,-0.370759,-0.465658,-0.230262,-0.854484,-0.201874,-0.685227,0.704839,0.183484,-0.330449,0,0,0,1,
100,1550178005.24624,0.46381,0.137858,0.391307,0.131209,-0.854245,-0.115238,-0.489663,
395,1550178276.92365,0.590832,0.680976,-0.432653,-0.360977,-0.497384,-0.11479,-0.859903,-0.222281,-0.635237,0.723253,0.270885,-0.324291,0,0,0,1,
100,1550178008.33431,0.475404,0.0995445,0.388994,0.0940474,-0.860762,-0.0826018,-0.493377,
398,1550178279.9526,0.622851,0.683234,-0.381114,-0.350605,-0.525292,0.00422186,-0.850912,-0.247055,-0.579763,0.730188,0.361527,-0.320961,0,0,0,1,
100,1550178011.31266,0.48322,0.0603766,0.387375,0.0568037,-0.865129,-0.0498306,-0.495825,
403,1550178283.01826,0.650113,0.679096,-0.340854,-0.328531,-0.546578,0.106338,-0.830629,-0.261482,-0.527831,0.726306,0.440311,-0.307514,0,0,0,1,
100,1550178014.5803,0.487042,0.0206666,0.386807,0.019407,-0.867122,-0.0170455,-0.497425,
406,1550178286.05462,0.67199,0.678919,-0.295801,-0.314981,-0.557387,0.20069,-0.805632,-0.275329,-0.487595,0.706253,0.513282,-0.289113,0,0,0,1,
100,1550178017.52059,0.487179,-0.0196697,0.38665,-0.0183741,-0.867216,0.0161552,-0.49733,
409,1550178287.98765,0.64861,0.689118,-0.323142,-0.333715,-0.54065,0.118312,-0.832886,-0.264472,-0.535725,0.714925,0.449311,-0.304753,0,0,0,1,
100,1550178019.39058,0.487039,0.0232707,0.386656,0.0207698,-0.867204,-0.0116587,-0.497383,
412,1550178291.16215,0.614404,0.70581,-0.352619,-0.354988,-0.516567,0.0220342,-0.855963,-0.250767,-0.596378,0.708059,0.378136,-0.322839,0,0,0,1,
100,1550178022.56798,0.482274,0.0718325,0.386656,0.064139,-0.865078,-0.0365542,-0.496175,
415,1550178294.58748,0.579071,0.717718,-0.386725,-0.373977,-0.485897,-0.0770759,-0.870611,-0.234194,-0.654661,0.692055,0.304105,-0.338496,0,0,0,1,
100,1550178026.05238,0.472664,0.119653,0.386682,0.107333,-0.860773,-0.0613636,-0.493745,
419,1550178297.68895,0.523078,0.738597,-0.425281,-0.390677,-0.5105,-0.128053,-0.850289,-0.218214,-0.68248,0.661874,0.310072,-0.339357,0,0,0,1,
100,1550178029.15057,0.458876,0.14119,0.370499,0.130868,-0.869557,-0.0706814,-0.470901,
424,1550178301.39154,0.424321,0.770732,-0.475314,-0.396017,-0.614902,-0.140071,-0.776064,-0.200175,-0.664715,0.621572,0.41449,-0.332389,0,0,0,1,
100,1550178032.78805,0.44223,0.135882,0.338607,0.134113,-0.892046,-0.0639005,-0.426832,
425,1550178307.28854,0.358443,0.784579,-0.505919,-0.42802,-0.569191,-0.245879,-0.78458,-0.162358,-0.73996,0.569192,0.358442,-0.303535,0,0,0,1,
100,1550178038.68438,0.416817,0.1756,0.323235,0.18082,-0.894598,-0.0808889,-0.400569,
429,1550178310.38983,0.315332,0.78021,-0.54022,-0.443073,-0.518056,-0.335428,-0.786833,-0.142117,-0.7951,0.527978,0.298421,-0.312649,0,0,0,1,
100,1550178041.88775,0.397371,0.216157,0.323149,0.225199,-0.884492,-0.100641,-0.396019,
435,1550178315.2537,0.38454,0.767674,-0.512645,-0.425018,-0.45569,-0.3251,-0.828648,-0.134298,-0.802792,0.552256,0.224808,-0.318895,0,0,0,1,
100,1550178046.71599,0.366561,0.200978,0.366535,0.221322,-0.86336,-0.112454,-0.439295,
440,1550178318.38881,0.452886,0.748105,-0.485008,-0.402754,-0.395173,-0.319206,-0.861363,-0.126427,-0.799207,0.581761,0.151067,-0.325211,0,0,0,1,
100,1550178049.78439,0.332551,0.182398,0.406547,0.215395,-0.840257,-0.123454,-0.482008,
