numthres100
src2 : 100,3
dst2 : 100,3
Vt : 3,3
Vt : 3,3
transformation t_c02b
[-0.4187955864090403, -0.8441543615875835, -0.334684434381056, -0.02220455849249742;
 -0.4305200939356361, 0.5090819981828915, -0.7453106519054757, -0.1973155226063939;
 0.7995390581591114, -0.1680444373931304, -0.5766267090061534, 0.4711110622591724;     robot recorded initial camera pose: 0.0192824,-0.110652,0.450953
 0, 0, 0, 1]
rotation R_c02b
[-0.4187955864090403, -0.8441543615875835, -0.334684434381056;
 -0.4305200939356361, 0.5090819981828915, -0.7453106519054757;
 0.7995390581591114, -0.1680444373931304, -0.5766267090061534]


src : 3,300
dst : 3,300
src2 : 300,3
dst2 : 300,3
Vt : 3,3
Vt : 3,3

_R_e2cam matrix
[-0.9578793925218464, -0.2868000458204658, 0.01458777225476864;
 0.2185129683152293, -0.7608855490849513, -0.6109871225089443;
 0.1863307598332757, -0.5820643563310425, 0.7915061168613184]


rotation error
0.397312
direct estimating Rotation matrix
[-0.8522401239665197, -0.4956832385104582, 0.1672838870817421;
 0.312674758506982, -0.7389871947157792, -0.5967675433153511;
 0.4194287198470203, -0.4562841584658218, 0.784782818202352]



